param N := 501;
param M := 501;
param C := 100.0;
param sizes := 
1 36.3
2 27.4
3 36.3
4 36.4
5 29.1
6 34.5
7 39.6
8 27.4
9 33.0
10 44.3
11 27.7
12 28.0
13 47.7
14 25.9
15 26.4
16 41.4
17 28.2
18 30.4
19 43.5
20 26.5
21 30.0
22 41.7
23 28.3
24 30.0
25 46.7
26 25.2
27 28.1
28 38.3
29 25.3
30 36.4
31 42.0
32 25.7
33 32.3
34 49.8
35 25.0
36 25.2
37 45.2
38 26.7
39 28.1
40 47.9
41 25.7
42 26.4
43 36.2
44 27.8
45 36.0
46 36.4
47 26.0
48 37.6
49 39.9
50 26.7
51 33.4
52 44.1
53 26.1
54 29.8
55 38.9
56 28.2
57 32.9
58 38.6
59 26.1
60 35.3
61 39.8
62 27.0
63 33.2
64 45.9
65 26.6
66 27.5
67 37.4
68 28.0
69 34.6
70 41.8
71 27.7
72 30.5
73 45.8
74 26.3
75 27.9
76 48.2
77 25.3
78 26.5
79 36.2
80 31.3
81 32.5
82 48.7
83 25.0
84 26.3
85 42.1
86 26.5
87 31.4
88 35.2
89 31.4
90 33.4
91 45.6
92 25.9
93 28.5
94 39.4
95 29.8
96 30.8
97 46.5
98 25.7
99 27.8
100 42.7
101 25.6
102 31.7
103 35.5
104 30.1
105 34.4
106 47.4
107 25.2
108 27.4
109 47.0
110 26.2
111 26.8
112 44.8
113 25.1
114 30.1
115 39.9
116 25.2
117 34.9
118 49.7
119 25.0
120 25.3
121 38.1
122 29.8
123 32.1
124 40.7
125 27.7
126 31.6
127 43.5
128 26.1
129 30.4
130 43.9
131 27.3
132 28.8
133 35.7
134 27.4
135 36.9
136 37.4
137 25.4
138 37.2
139 38.7
140 27.4
141 33.9
142 43.0
143 27.4
144 29.6
145 41.3
146 27.6
147 31.1
148 46.5
149 25.7
150 27.8
151 45.7
152 25.2
153 29.1
154 35.8
155 30.5
156 33.7
157 45.6
158 26.4
159 28.0
160 48.6
161 25.0
162 26.4
163 39.3
164 27.1
165 33.6
166 37.6
167 29.9
168 32.5
169 46.5
170 26.6
171 26.9
172 36.4
173 31.7
174 31.9
175 46.7
176 25.8
177 27.5
178 40.4
179 27.9
180 31.7
181 39.7
182 29.6
183 30.7
184 40.3
185 27.4
186 32.3
187 38.4
188 28.5
189 33.1
190 37.7
191 30.1
192 32.2
193 36.2
194 28.6
195 35.2
196 42.6
197 27.3
198 30.1
199 41.4
200 25.7
201 32.9
202 41.3
203 28.3
204 30.4
205 35.3
206 27.1
207 37.6
208 42.6
209 25.0
210 32.4
211 39.0
212 27.1
213 33.9
214 36.2
215 26.0
216 37.8
217 35.4
218 26.5
219 38.1
220 48.0
221 25.6
222 26.4
223 35.6
224 28.8
225 35.6
226 38.8
227 25.2
228 36.0
229 42.7
230 25.0
231 32.3
232 36.8
233 29.3
234 33.9
235 36.0
236 31.4
237 32.6
238 37.0
239 28.1
240 34.9
241 38.2
242 27.7
243 34.1
244 49.0
245 25.2
246 25.8
247 39.3
248 28.1
249 32.6
250 45.1
251 26.2
252 28.7
253 49.4
254 25.2
255 25.4
256 40.9
257 28.3
258 30.8
259 37.5
260 28.1
261 34.4
262 47.9
263 25.9
264 26.2
265 43.4
266 27.8
267 28.8
268 36.8
269 29.5
270 33.7
271 40.2
272 25.8
273 34.0
274 40.5
275 27.1
276 32.4
277 39.3
278 30.0
279 30.7
280 42.6
281 27.6
282 29.8
283 40.5
284 26.9
285 32.6
286 45.2
287 26.1
288 28.7
289 42.1
290 27.9
291 30.0
292 36.5
293 29.8
294 33.7
295 36.7
296 25.8
297 37.5
298 39.9
299 28.9
300 31.2
301 46.7
302 25.1
303 28.2
304 37.6
305 27.9
306 34.5
307 35.2
308 30.9
309 33.9
310 43.0
311 28.3
312 28.7
313 35.2
314 31.4
315 33.4
316 35.2
317 25.1
318 39.7
319 48.0
320 25.0
321 27.0
322 42.8
323 26.1
324 31.1
325 44.8
326 25.7
327 29.5
328 49.8
329 25.0
330 25.2
331 41.9
332 26.3
333 31.8
334 42.4
335 26.3
336 31.3
337 49.0
338 25.1
339 25.9
340 48.6
341 25.2
342 26.2
343 41.0
344 25.1
345 33.9
346 44.0
347 25.5
348 30.5
349 42.7
350 26.6
351 30.7
352 47.8
353 25.0
354 27.2
355 44.0
356 25.8
357 30.2
358 47.6
359 25.6
360 26.8
361 36.8
362 25.2
363 38.0
364 47.4
365 26.1
366 26.5
367 47.3
368 26.0
369 26.7
370 44.0
371 27.8
372 28.2
373 42.7
374 26.7
375 30.6
376 38.8
377 27.5
378 33.7
379 47.3
380 25.3
381 27.4
382 39.5
383 29.5
384 31.0
385 40.8
386 27.4
387 31.8
388 41.3
389 28.3
390 30.4
391 45.4
392 25.3
393 29.3
394 37.8
395 29.5
396 32.7
397 39.2
398 29.6
399 31.2
400 46.8
401 25.5
402 27.7
403 46.8
404 25.3
405 27.9
406 40.1
407 28.6
408 31.3
409 42.5
410 28.6
411 28.9
412 37.5
413 25.2
414 37.3
415 48.7
416 25.1
417 26.2
418 40.9
419 25.5
420 33.6
421 44.5
422 25.4
423 30.1
424 44.8
425 26.5
426 28.7
427 49.7
428 25.0
429 25.3
430 41.6
431 26.2
432 32.2
433 46.6
434 25.1
435 28.3
436 40.4
437 27.2
438 32.4
439 49.4
440 25.2
441 25.4
442 49.3
443 25.1
444 25.6
445 36.0
446 29.9
447 34.1
448 44.7
449 27.4
450 27.9
451 36.4
452 27.8
453 35.8
454 46.8
455 25.3
456 27.9
457 40.4
458 27.3
459 32.3
460 38.2
461 30.0
462 31.8
463 38.9
464 25.2
465 35.9
466 46.4
467 26.5
468 27.1
469 49.1
470 25.1
471 25.8
472 41.5
473 28.8
474 29.7
475 45.5
476 25.6
477 28.9
478 48.4
479 25.6
480 26.0
481 46.7
482 25.7
483 27.6
484 35.9
485 29.1
486 35.0
487 42.9
488 26.1
489 31.0
490 38.8
491 30.0
492 31.2
493 42.3
494 28.5
495 29.2
496 36.7
497 27.6
498 35.7
499 49.9
500 25.0
501 25.1
;
